38.668
38.668
38.668
38.668
38.668
38.668
38.668
38.668
38.668
38.668
38.668
38.668
38.668
43.6116
42.583
42.583
42.5218
42.38
42.9027
42.8931
42.8432
43.1982
43.3688
43.4264
43.8387
44.3788
44.9891
45.2741
45.6485
45.6637
45.5794
45.6181
45.6181
45.6181
45.6181
45.6181
45.6181
45.6181
45.6181
45.6181
45.6181
45.6181
45.6181
45.6181
45.6181
45.6181
45.6181
45.6181
45.6181
45.6181
45.6181
45.6181
45.6181
45.6181
45.6181
45.6181
45.6181
45.6181
45.6181
45.6181
45.6181
45.6181
45.6181
45.6181
45.6181
45.6181
45.6181
45.6181
44.4086
44.6206
44.7966
45.019
45.1687
45.1501
45.1501
45.1501
46.5273
46.4855
46.3893
46.3301
46.2033
46.0838
45.8784
45.6391
45.3844
45.0223
44.4992
44.4992
44.4992
44.4992
44.4992
44.4992
44.4992
41.5708
41.7419
41.7436
41.7185
41.1132
40.777
40.8745
40.8885
40.8708
40.9185
40.9378
40.9201
40.7079
40.4428
40.4663
40.4663
40.4663
40.4663
40.4663
40.4663
40.4663
40.4663
40.4663
40.4663
41.082
41.0135
41.2276
41.5454
41.6196
41.8678
42.2591
42.6949
42.8756
43.4496
44.0738
44.758
44.758
45.595
46.1279
46.6151
46.8539
47.0156
46.7656
46.2896
46.2896
46.2896
42.5135
42.1522
42.1706
42.2656
41.7774
41.1986
40.8226
40.5295
40.1312
39.7223
39.318
39.0389
38.4836
38.4836
39.6116
39.4942
39.4942
39.4942
39.4942
39.4942
39.4942
39.4942
39.4942
39.4942
39.4942
39.4942
39.4942
39.4942
39.4942
39.4942
39.4942
39.4942
39.4942
39.4942
39.4942
39.4942
39.4942
39.4942
39.4942
39.4942
39.4942
39.4942
39.4942
39.4942
39.4942
39.4942
39.4942
39.4942
39.4942
39.4942
39.4942
39.4942
39.4942
39.4942
39.4942
39.4942
39.4942
39.4942
39.4942
39.4942
39.4942
39.4942
39.4942
39.4942
39.4942
39.4942
39.4942
39.4942
39.4942
39.4942
39.4942
39.4942
39.4942
39.4942
39.4942
39.4942
39.4942
39.4942
39.4942
39.4942
39.4942
39.4942
39.4942
39.4942
39.4942
39.4942
39.4942
39.4942
39.4942
39.4942
39.4942
39.4942
39.4942
39.4942
39.4942
39.4942
39.4942
39.4942
39.4942
39.4942
39.4942
39.4942
39.4942
39.4942
39.4942
39.4942
39.4942
39.4942
39.4942
39.4942
39.4942
39.4942
39.4942
39.4942
39.4942
39.4942
39.4942
39.4942
39.4942
39.4942
39.4942
39.4942
39.4942
39.4942
39.4942
39.4942
39.4942
39.4942
39.4942
39.4942
39.4942
39.4942
39.4942
39.4942
39.4942
39.4942
39.4942
39.4942
39.4942
39.4942
39.4942
39.4942
39.4942
39.4942
39.4942
39.4942
39.4942
39.4942
39.4942
39.4942
39.4942
39.4942
39.4942
39.4942
39.4942
39.4942
39.4942
39.4942
39.4942
39.4942
39.4942
39.4942
39.4942
39.4942
39.4942
39.4942
39.4942
39.4942
39.4942
39.4942
39.4942
39.4942
39.4942
39.4942
39.4942
39.4942
39.4942
39.4942
39.4942
39.4942
39.4942
39.4942
39.4942
39.4942
39.4942
39.4942
39.4942
39.4942
39.4942
39.4942
39.4942
39.4942
39.4942
39.4942
39.4942
39.4942
39.4942
39.4942
39.4942
39.4942
39.4942
39.4942
39.4942
39.4942
39.4942
39.4942
39.4942
39.4942
39.4942
39.4942
39.4942
39.4942
39.4942
39.4942
39.4942
39.4942
39.4942
39.4942
39.4942
39.4942
39.4942
39.4942
39.4942
39.4942
39.4942
39.4942
39.4942
39.4942
39.4942
39.4942
39.4942
39.4942
39.4942
39.4942
39.4942
39.4942
39.4942
39.4942
39.4942
39.4942
39.4942
39.4942
39.4942
39.4942
39.4942
39.4942
39.4942
39.4942
39.4942
39.4942
39.4942
39.4942
39.4942
39.4942
39.4942
39.4942
39.4942
39.4942
39.4942
39.4942
39.4942
39.4942
39.4942
39.4942
39.4942
39.4942
39.4942
39.4942
39.4942
39.4942
39.4942
39.4942
39.4942
39.4942
39.4942
39.4942
39.4942
39.4942
39.4942
39.4942
39.4942
39.4942
39.4942
39.4942
39.4942
39.4942
39.4942
39.4942
39.4942
39.4942
39.4942
39.4942
39.4942
39.4942
39.4942
39.4942
39.4942
39.4942
39.4942
39.4942
39.4942
39.4942
39.4942
39.4942
39.4942
39.4942
39.4942
39.4942
39.4942
39.4942
39.4942
39.4942
39.4942
39.4942
39.4942
39.4942
39.4942
39.4942
39.4942
39.4942
39.4942
39.4942
39.4942
39.4942
39.4942
39.4942
39.4942
39.4942
39.4942
39.4942
39.4942
39.4942
39.4942
39.4942
39.4942
39.4942
39.4942
39.4942
39.4942
39.4942
39.4942
39.4942
39.4942
39.4942
39.4942
39.4942
39.4942
39.4942
39.4942
39.4942
39.4942
39.4942
39.4942
39.4942
39.4942
39.4942
39.4942
39.4942
39.4942
39.4942
39.4942
39.4942
39.4942
39.4942
39.4942
39.4942
39.4942
39.4942
39.4942
39.4942
39.4942
39.4942
39.4942
39.4942
39.4942
39.4942
39.4942
39.4942
39.4942
39.4942
39.4942
39.4942
39.4942
39.4942
39.4942
39.4942
39.4942
39.4942
39.4942
39.4942
39.4942
39.4942
39.4942
39.4942
39.4942
39.4942
39.4942
39.4942
39.4942
39.4942
39.4942
39.4942
39.4942
39.4942
39.4942
39.4942
39.4942
39.4942
39.4942
39.4942
39.4942
39.4942
39.4942
39.4942
39.4942
39.4942
39.4942
39.4942
39.4942
39.4942
39.4942
39.4942
39.4942
39.4942
39.4942
39.4942
39.4942
39.4942
39.4942
39.4942
39.4942
39.4942
39.4942
39.4942
39.4942
39.4942
39.4942
39.4942
39.4942
39.4942
39.4942
39.4942
39.4942
39.4942
39.4942
39.4942
39.4942
39.4942
39.4942
39.4942
39.4942
39.4942
39.4942
39.4942
39.4942
39.4942
39.4942
39.4942
39.4942
39.4942
39.4942
39.4942
39.4942
39.4942
39.4942
39.4942
39.4942
39.4942
39.4942
39.4942
39.4942
39.4942
39.4942
39.4942
39.4942
39.4942
39.4942
39.4942
39.4942
39.4942
39.4942
39.4942
39.4942
39.4942
39.4942
39.4942
39.4942
39.4942
39.4942
39.4942
39.4942
39.4942
39.4942
39.4942
39.4942
39.4942
39.4942
39.4942
39.4942
39.4942
39.4942
39.4942
39.4942
39.4942
39.4942
39.4942
39.4942
39.4942
39.4942
39.4942
39.4942
39.4942
39.4942
39.4942
39.4942
39.4942
39.4942
39.4942
39.4942
39.4942
39.4942
39.4942
39.4942
39.4942
39.4942
39.4942
39.4942
39.4942
39.4942
39.4942
39.4942
39.4942
39.4942
39.4942
39.4942
39.4942
39.4942
39.4942
39.4942
39.4942
39.4942
39.4942
39.4942
39.4942
39.4942
39.4942
39.4942
39.4942
39.4942
39.4942
39.4942
39.4942
39.4942
39.4942
39.4942
39.4942
39.4942
39.4942
39.4942
39.4942
39.4942
39.4942
39.4942
39.4942
39.4942
39.4942
39.4942
39.4942
39.4942
39.4942
39.4942
39.4942
39.4942
39.4942
39.4942
39.4942
39.4942
39.4942
39.4942
39.4942
39.4942
39.4942
39.4942
39.4942
39.4942
39.4942
39.4942
39.4942
39.4942
39.4942
39.4942
39.4942
39.4942
39.4942
39.4942
39.4942
39.4942
39.4942
39.4942
39.4942
39.4942
39.4942
39.4942
39.4942
39.4942
39.4942
39.4942
39.4942
39.4942
39.4942
39.4942
39.4942
39.4942
39.4942
39.4942
39.4942
39.4942
39.4942
39.4942
39.4942
39.4942
39.4942
39.4942
39.4942
39.4942
39.4942
39.4942
39.4942
39.4942
39.4942
39.4942
39.4942
39.4942
39.4942
39.4942
39.4942
39.4942
39.4942
39.4942
39.4942
39.4942
39.4942
39.4942
39.4942
39.4942
39.4942
39.4942
39.4942
39.4942
39.4942
39.4942
39.4942
39.4942
39.4942
39.4942
39.4942
39.4942
39.4942
39.4942
39.4942
39.4942
39.4942
39.4942
39.4942
39.4942
39.4942
39.4942
39.4942
39.4942
39.4942
39.4942
39.4942
39.4942
39.4942
39.4942
39.4942
39.4942
39.4942
39.4942
39.4942
39.4942
39.4942
39.4942
39.4942
39.4942
39.4942
39.4942
39.4942
39.4942
39.4942
39.4942
39.4942
39.4942
39.4942
39.4942
39.4942
39.4942
39.4942
39.4942
39.4942
39.4942
39.4942
39.4942
39.4942
39.4942
39.4942
39.4942
39.4942
39.4942
39.4942
39.4942
39.4942
39.4942
39.4942
39.4942
39.4942
39.4942
39.4942
39.4942
39.4942
39.4942
39.4942
39.4942
39.4942
39.4942
39.4942
39.4942
39.4942
39.4942
39.4942
39.4942
39.4942
39.4942
39.4942
39.4942
39.4942
39.4942
39.4942
39.4942
39.4942
39.4942
39.4942
39.4942
39.4942
39.4942
39.4942
39.4942
39.4942
39.4942
39.4942
39.4942
39.4942
39.4942
39.4942
39.4942
39.4942
39.4942
39.4942
39.4942
39.4942
39.4942
39.4942
39.4942
39.4942
39.4942
39.4942
39.4942
39.4942
39.4942
39.4942
39.4942
39.4942
39.4942
39.4942
39.4942
39.4942
39.4942
39.4942
39.4942
39.4942
39.4942
39.4942
39.4942
39.4942
39.4942
39.4942
39.4942
39.4942
39.4942
39.4942
39.4942
39.4942
39.4942
39.4942
39.4942
39.4942
39.4942
39.4942
39.4942
39.4942
39.4942
39.4942
39.4942
39.4942
39.4942
39.4942
39.4942
39.4942
39.4942
39.4942
39.4942
39.4942
39.4942
39.4942
39.4942
39.4942
39.4942
39.4942
39.4942
39.4942
39.4942
39.4942
39.4942
39.4942
39.4942
39.4942
39.4942
39.4942
39.4942
39.4942
39.4942
39.4942
39.4942
39.4942
39.4942
39.4942
39.4942
39.4942
39.4942
39.4942
39.4942
39.4942
39.4942
39.4942
39.4942
39.4942
39.4942
39.4942
39.4942
39.4942
39.4942
39.4942
39.4942
39.4942
39.4942
39.4942
39.4942
39.4942
51.721
51.721
51.721
