52.509
52.509
52.509
52.509
52.509
52.509
52.509
52.509
52.509
52.509
52.509
52.509
52.509
52.509
52.509
52.8789
53.3865
53.5087
53.6695
53.8997
54.1159
54.2458
54.2285
54.0104
54.0482
53.8057
53.5661
53.595
53.1206
52.7435
52.7435
52.7435
52.7435
52.7435
52.7435
52.7435
52.7435
52.7435
52.7435
52.7435
52.8592
50.8132
50.8132
51.6068
52.4505
52.4551
51.9209
50.5342
50.0605
49.7026
49.7026
50.5156
50.5156
50.5156
50.5156
50.5156
50.5156
50.5156
51.5483
51.347
51.4537
50.7791
50.7791
50.7791
50.7791
50.7791
50.7791
50.7791
50.7791
50.7791
50.7791
50.7791
50.7791
50.7791
50.7791
50.7791
50.7791
50.7791
50.7791
50.7791
53.3639
53.3688
52.8524
52.8345
52.8952
52.6094
52.8689
52.9016
52.821
52.3806
52.0856
51.7665
51.7019
51.7493
51.376
50.3598
50.3598
50.3598
50.3598
50.3598
50.3598
50.3598
50.3598
50.3598
50.3598
50.3598
50.3598
50.3598
54.0517
53.1145
53.1145
52.9582
53.275
53.2394
53.0205
52.9234
52.8916
52.7093
52.7544
52.9059
53.0831
53.1045
53.148
53.2072
53.2177
52.9172
53.0038
52.9849
52.9455
52.8201
52.6947
52.7765
52.4012
52.2095
52.0223
51.7632
51.3897
50.4947
50.4947
50.4947
50.4947
50.4947
50.4947
50.4947
50.4947
50.4947
50.4947
50.4947
50.4947
50.4947
50.4947
50.4947
52.5518
51.5417
51.2962
51.1458
50.9427
51.0905
51.1594
51.1646
51.1248
51.2835
50.9949
50.8064
50.8132
50.698
50.7442
50.4664
50.2531
50.2531
50.2531
50.2531
50.2531
50.2531
50.2531
50.2531
50.2531
50.2531
50.2531
50.2531
50.2531
50.2531
50.2531
50.2531
50.2531
50.2531
50.2531
50.2531
51.5704
51.61
51.7257
51.7837
52.2016
52.6083
52.7055
52.6776
52.5272
52.1102
52.1102
52.1102
52.1102
52.1102
52.1102
52.1102
52.1102
52.1102
52.1102
52.1102
52.1102
52.1102
52.1102
52.1102
52.1102
52.1102
52.1102
52.1102
52.1102
52.1102
52.1102
52.1102
52.1102
50.0595
49.7605
49.677
48.913
48.913
48.913
48.913
48.913
48.913
48.913
48.913
48.913
48.913
48.913
48.913
50.4054
49.2589
49.2254
49.432
49.432
49.432
49.432
49.432
49.432
49.432
49.432
49.432
49.432
49.432
49.432
51.3077
50.3286
50.0899
50.0077
50.0413
50.0415
50.1275
50.1364
49.6826
49.3874
49.0977
49.0162
48.7888
48.8411
48.1478
48.1478
48.1478
48.1478
48.1478
48.1478
48.1478
48.1478
48.1478
48.1478
48.1478
48.1478
48.1478
48.1478
48.1478
48.1478
48.1478
48.1478
48.1478
48.1478
51.9007
51.2312
51.1533
50.9331
50.8845
50.6812
50.4088
50.1279
49.7073
49.7073
49.7073
49.7073
49.7073
49.7073
49.7073
49.7073
49.7073
49.7073
49.7073
49.7073
49.7073
49.7073
49.7073
49.7073
49.7073
49.7073
49.7073
49.7073
49.7073
49.7073
49.7073
49.7073
49.7073
49.7596
49.3822
49.3276
49.1639
48.9383
48.9198
48.7559
48.5144
48.6038
48.6276
48.6113
48.47
48.5158
48.6554
48.4317
48.4498
48.2634
48.1905
48.0355
47.9514
47.8893
47.8497
47.8772
47.9614
47.9943
48.1693
48.2401
48.2511
47.9757
48.2235
48.1915
48.5259
48.8727
49.1607
49.1487
49.3084
49.6198
49.8019
49.895
49.9284
49.9678
50.1604
50.0297
50.013
50.1478
50.3089
50.3153
50.0553
50.3321
50.6693
51.0129
51.4684
51.4684
51.4684
51.4684
51.4684
51.4684
51.4684
51.4684
51.4684
51.4684
51.4684
51.4684
51.4684
51.4684
51.4684
51.4684
51.4684
51.4684
51.4684
51.4684
51.4684
51.4684
51.4684
51.4684
51.4684
51.4684
51.4684
51.4684
51.4684
51.4684
51.4684
51.4684
51.4684
51.4684
51.4684
51.4684
51.4684
51.4684
51.4684
51.4684
51.4684
51.4684
51.4684
51.4684
51.4684
51.4684
51.4684
51.4684
51.4684
51.4684
51.4684
51.4684
51.4684
51.4684
51.4684
51.4684
51.4684
51.4684
51.4684
51.4684
51.4684
51.4684
51.4684
51.4684
51.4684
51.4684
51.4684
51.4684
51.4684
51.4684
51.4684
51.4684
51.4684
51.4684
51.4684
51.4684
51.4684
51.4684
51.4684
51.4684
51.4684
51.4684
51.4684
51.4684
51.4684
51.4684
51.4684
51.4684
51.4684
51.4684
51.4684
51.4684
51.4684
51.4684
51.4684
51.4684
51.4684
51.4684
51.4684
51.4684
51.4684
51.4684
51.4684
51.4684
51.4684
51.4684
51.4684
51.4684
51.4684
51.4684
51.4684
51.4684
51.4684
51.4684
51.4684
51.4684
51.4684
51.4684
51.4684
51.4684
51.4684
51.4684
49.7729
49.7729
49.3513
49.3513
49.3513
49.3513
49.3513
49.3513
49.3513
49.3513
49.3513
49.3513
49.3513
49.3513
50.4746
50.2268
49.9502
49.5555
49.5555
49.5555
49.5555
49.5555
49.5555
49.2289
48.4228
48.1098
47.9465
48.2656
48.2656
51.4318
51.0354
50.5718
50.3396
50.2011
49.8366
49.0156
49.0156
49.0156
49.0156
49.0156
49.0156
49.0156
49.0156
49.0156
49.0156
49.0156
49.0156
49.0156
49.0156
49.0156
49.0156
49.0156
49.0156
49.0156
53.3128
52.3637
52.248
52.5314
52.6214
52.7656
52.0056
52.037
52.037
52.037
52.037
52.037
52.037
52.037
52.037
52.037
52.037
52.037
52.037
52.037
52.037
52.037
52.037
52.037
52.037
52.037
52.037
52.037
52.037
52.037
49.015
48.8605
48.888
49.0039
49.2749
49.4011
49.4527
49.2974
49.4929
49.4929
49.4929
49.4929
49.4929
49.4929
49.4929
49.4929
49.4929
49.4929
49.4929
49.4929
49.4929
49.4929
49.4929
49.4929
49.4929
49.4929
49.4929
49.4929
49.7858
50.6745
50.6745
50.3594
50.3716
50.258
50.7467
50.6926
50.7062
51.0805
51.0997
51.7919
52.4281
53.0156
53.0156
53.0156
53.0156
53.0156
53.0156
53.0156
53.0156
53.0156
53.0156
53.0156
53.0156
53.0156
53.0156
53.0156
53.0156
53.0156
53.0156
53.0156
53.0156
53.0156
53.0156
53.0156
53.0156
53.0156
53.0156
53.0156
53.0156
53.0156
53.0156
53.0156
53.0156
53.0156
53.0156
53.0156
53.0156
53.0156
53.0156
53.0156
53.0156
53.0156
53.0156
53.0156
53.0156
53.0156
53.0156
53.0156
53.0156
53.0156
53.0156
53.0156
53.0156
53.0156
53.0156
53.0156
53.0156
53.0156
53.0156
53.0156
53.0156
53.0156
53.0156
53.0156
53.0156
53.0156
53.0156
53.0156
53.0156
53.0156
53.0156
53.0156
53.0156
53.0156
53.0156
53.0156
53.0156
53.0156
53.0156
53.0156
53.0156
53.0156
53.0156
53.0156
53.0156
53.0156
53.0156
53.0156
53.0156
53.0156
53.0156
53.0156
53.0156
53.0156
53.0156
53.0156
53.0156
53.0156
53.0156
53.0156
53.0156
53.0156
53.0156
53.0156
53.0156
53.0156
53.0156
53.0156
53.0156
53.0156
53.0156
53.0156
53.0156
53.0156
53.0156
53.0156
53.0156
53.0156
53.0156
53.0156
53.0156
53.0156
53.0156
53.0156
53.0156
53.0156
53.0156
53.0156
53.0156
53.0156
53.0156
51.9158
52.1567
52.423
52.6286
52.6461
53.0638
53.3585
53.5855
53.7423
53.7999
53.971
53.8608
53.6143
53.5498
53.2048
53.0044
52.7382
52.5048
52.203
51.9538
51.6588
51.3879
50.972
50.2382
49.4984
47.5205
47.5205
47.752
48.6556
48.6556
50.6389
51.533
51.9293
51.6763
51.5478
51.6504
51.7209
51.6316
51.6391
51.6459
51.6766
51.4354
51.4354
51.4354
51.4354
51.4354
51.4354
51.4354
51.4354
51.4354
51.4354
51.4354
51.4354
51.4354
51.4354
51.4354
50.9867
50.6107
51.1082
51.612
51.9565
52.1903
52.3091
52.229
52.229
52.229
52.229
52.229
52.229
52.229
52.229
52.229
52.229
52.229
52.229
52.229
52.229
52.229
52.229
52.229
51.754
51.3676
51.1279
50.8765
50.5388
50.5388
50.5388
50.5388
50.5388
50.5388
50.5388
50.5388
50.5388
50.5388
50.3467
49.0471
49.0517
48.9318
48.7919
47.5105
47.5105
47.5105
47.5105
47.5105
47.5105
47.5105
47.5105
47.5105
47.5105
49.5719
48.7578
49.769
49.1081
48.228
48.228
48.228
48.228
48.228
48.228
48.228
48.228
48.228
48.228
48.228
48.228
48.228
48.228
49.7469
49.3711
49.407
49.3239
49.2484
49.5223
49.46
49.5779
49.4065
49.3712
49.2316
49.0929
48.9642
48.8596
49.0254
48.9064
48.9365
48.9554
49.0781
49.2179
49.4194
49.9748
50.2147
50.4091
50.6015
50.6888
50.8295
50.8752
50.588
50.588
50.588
50.588
50.588
50.588
50.588
50.588
50.588
50.588
50.588
50.588
50.588
49.6904
49.8956
49.59
48.7355
48.8193
48.0001
48.0001
48.0001
48.0001
48.0001
48.0001
48.0001
48.0001
48.0001
48.0001
48.0001
48.0001
48.0001
48.0001
48.0001
48.0001
48.0001
48.0001
48.0001
48.0001
48.0001
48.0001
48.0001
48.0001
48.0001
48.0001
48.0001
48.0001
48.0001
49.6899
49.4821
49.3915
49.2798
49.2156
49.2159
49.0425
48.7883
48.5156
47.6408
47.594
47.1707
47.5779
47.9718
48.1834
48.8654
48.9396
49.2266
49.2745
48.901
48.5156
47.0062
47.0062
48.2465
48.6705
48.717
49.2813
49.252
49.2605
48.6932
49.0769
49.1369
49.1082
49.1026
49.0867
49.3431
49.3968
49.4784
49.5225
49.6382
49.8392
50.0471
50.2996
50.7471
51.0318
51.4159
50.571
51.5003
51.721
51.721
51.721
51.721
51.721
51.721
51.721
51.721
51.721
51.721
51.721
51.721
51.721
51.721
51.721
51.721
51.721
51.721
51.721
51.721
51.721
51.721
51.721
51.721
51.721
51.721
51.721
51.721
51.721
51.721
51.721
51.721
51.721
51.721
51.721
51.721
51.721
51.721
51.721
51.721
51.721
51.721
51.721
51.721
51.721
51.721
51.721
51.721
51.721
51.721
51.721
51.721
51.721
51.721
51.721
51.721
51.721
51.721
51.721
51.721
51.721
51.721
51.721
51.721
51.721
51.721
51.721
51.721
51.721
48.4045
48.4045
47.191
47.191
47.191
47.191
47.191
47.191
47.191
47.191
47.191
47.191
49.4263
48.6378
48.1227
48.5625
48.7062
47.7892
47.7892
47.7892
47.7892
47.7892
47.7892
47.7892
47.5557
47.5502
47.7404
46.8691
46.2063
46.2063
46.7285
49.7414
49.7414
49.5766
48.6917
48.5985
48.2277
47.5002
47.5002
47.5002
47.5002
47.5002
47.5002
47.5002
47.5002
47.5002
47.5002
47.5002
47.5002
47.5002
47.5002
47.5002
47.5002
47.5002
47.5002
47.5002
47.5002
47.5002
49.4813
48.5066
48.6109
49.1995
49.2702
50.3858
49.0016
49.5156
48.0826
48.0826
48.0826
48.0826
48.0826
48.0826
48.0826
48.0826
48.0826
48.0826
48.0826
48.0826
48.0826
48.0826
48.0826
48.0826
48.0826
48.0826
48.0826
48.0826
48.0826
48.0826
48.0826
51.2984
50.0676
50.0362
49.8674
49.9348
49.6363
49.3925
49.3245
49.37
49.1767
48.664
48.664
48.664
48.664
48.664
48.664
48.664
48.664
48.664
48.664
48.664
48.664
48.664
48.664
48.664
48.664
48.664
48.664
48.664
48.664
48.664
48.664
51.1918
51.1918
50.4786
49.5918
49.3031
48.8297
48.4413
47.9436
47.9436
47.9436
47.9436
47.9436
47.9436
47.9436
47.9436
47.9436
47.9436
47.9436
47.9436
47.9436
47.9436
47.9436
47.9436
47.9436
47.9436
47.9436
47.9436
47.9436
47.9436
47.9436
47.9436
47.9436
47.9436
47.9436
47.9436
47.9436
47.9436
47.9436
47.9436
47.9436
47.9436
47.9436
47.9436
47.9436
47.9436
47.9436
47.9436
47.9436
47.9436
47.9436
47.9436
47.9436
47.9436
47.9436
47.9436
47.9436
47.9436
47.9436
47.9436
47.9436
47.9436
47.9436
47.9436
47.9436
47.9436
47.9436
47.9436
47.9436
47.9436
47.9436
47.9436
47.9436
47.9436
47.9436
47.9436
47.9436
47.9436
47.9436
47.9436
47.9436
47.9436
47.9436
47.9436
47.9436
47.9436
47.9436
47.9436
47.9436
47.9436
47.9436
47.9436
47.9436
47.9436
47.9436
47.9436
47.9436
47.9436
47.9436
47.9436
47.9436
47.9436
47.9436
47.9436
47.9436
47.9436
47.9436
47.9436
51.2932
50.8669
50.6669
50.8468
50.3749
49.7476
48.5473
47.9902
48.023
48.879
48.879
50.7634
51.4675
51.3746
51.1427
50.7602
51.3017
51.4457
51.4413
51.3406
51.1285
50.6856
50.2759
49.833
49.5338
49.3468
49.3245
50.0851
50.4817
50.529
50.606
50.4345
50.3872
50.3453
50.2334
48.7327
48.7327
50.4184
50.1475
50.1414
50.1195
50.1601
50.1851
50.1782
50.3394
50.5677
50.6174
50.5594
50.588
50.4534
49.7165
49.7165
49.7165
49.7165
49.7165
49.7165
49.7165
49.7165
49.7165
49.7165
49.7165
49.7165
49.7165
49.7165
49.7165
49.7165
49.7165
49.7165
49.7165
49.7165
49.7165
49.7165
49.7165
50.4275
49.7534
50.0209
50.6129
51.2368
51.2427
51.2313
50.9762
50.7941
50.7941
50.7941
50.7941
50.7941
50.7941
50.7941
50.7941
50.7941
50.7941
50.7941
50.7941
50.7941
50.7941
50.7941
50.7941
50.7941
50.7941
50.7941
50.3213
49.6797
49.595
49.3642
49.3642
49.3642
49.3642
49.3642
49.3642
49.3642
49.3642
49.3642
49.3642
49.3642
49.3642
49.3642
49.3642
49.3642
49.3642
49.3642
49.3642
49.3642
49.3642
49.3642
49.3642
49.3642
49.3642
49.3642
49.3642
49.3642
50.7656
49.6343
49.3215
49.4789
50.0849
50.2413
50.4364
50.0237
49.6486
48.5809
47.4475
47.4886
47.403
47.7925
48.7239
48.3886
47.9528
47.6248
47.2979
47.2911
46.7882
46.5737
46.5123
46.3517
46.345
47.3968
47.9538
47.8875
47.4017
47.1877
46.6491
46.4807
46.4875
46.3153
45.6876
45.8062
45.8079
45.682
45.7343
45.8771
45.6744
45.5366
45.5217
44.9301
45.3801
45.0642
45.0642
45.0642
45.0642
45.0642
47.2656
46.2467
46.3419
46.2962
46.2962
46.2962
46.2962
46.2962
46.2962
46.2962
46.2962
46.2962
46.2962
46.2962
46.2962
46.2962
46.2962
46.2962
46.2962
46.2962
46.2962
46.2962
46.2962
46.2962
46.2962
46.2962
46.2962
46.2962
46.2962
46.2962
46.2962
46.2962
46.2962
46.2962
46.2962
46.2962
46.2962
46.2962
46.2962
46.2962
46.2962
46.2962
46.2962
46.2962
46.2962
46.2962
46.2962
46.2962
46.2962
46.2962
46.2962
46.2962
46.2962
46.2962
46.2962
46.2962
46.2962
46.2962
46.2962
46.2962
46.2962
46.2962
46.2962
46.2962
46.2962
46.2962
46.2962
46.2962
46.2962
46.2962
46.2962
46.2962
46.2962
46.2962
46.2962
46.2962
46.2962
46.2962
46.2962
46.2962
46.2962
46.2962
46.2962
46.2962
46.2962
46.2962
46.2962
46.2962
46.2962
46.2962
46.2962
46.2962
46.2962
46.2962
46.2962
46.2962
46.2962
46.2962
46.2962
46.2962
46.2962
46.2962
46.2962
46.2962
46.2962
46.2962
46.2962
46.2962
46.2962
46.2962
46.2962
46.2962
46.2962
46.2962
46.2962
46.2962
46.2962
46.2962
46.2962
46.2962
46.2962
46.2962
46.2962
46.2962
46.2962
46.2962
46.2962
46.2962
46.2962
46.2962
46.2962
46.2962
46.2962
46.2962
46.2962
46.2962
46.2962
46.2962
46.2962
46.2962
46.2962
46.2962
46.2962
46.2962
46.2962
46.2962
46.2962
46.2962
46.2962
46.2962
46.2962
46.2962
46.2962
46.2962
46.2962
46.2962
46.2962
46.2962
46.2962
46.2962
46.2962
46.2962
46.2962
46.2962
46.2962
46.2962
46.2962
46.2962
46.2962
46.2962
46.2962
46.2962
46.2962
46.2962
46.2962
46.2962
46.2962
46.2962
46.2962
46.2962
46.2962
46.2962
46.2962
46.2962
46.2962
46.2962
46.2962
46.2962
46.2962
46.2962
46.2962
46.2962
46.2962
46.2962
46.2962
46.2962
46.2962
46.2962
46.2962
46.2962
46.2962
46.2962
46.2962
46.2962
46.2962
46.2962
46.2962
46.2962
46.2962
46.2962
46.2962
46.2962
46.2962
46.2962
46.2962
46.2962
46.2962
46.2962
46.2962
46.2962
46.2962
46.2962
46.2962
46.2962
46.2962
46.2962
46.2962
46.2962
46.2962
46.2962
46.2962
46.2962
46.2962
46.2962
46.2962
46.2962
46.2962
46.2962
46.2962
46.2962
46.2962
46.2962
46.2962
46.2962
46.2962
46.2962
46.2962
46.2962
46.2962
46.2962
46.2962
46.2962
46.2962
46.2962
46.2962
46.2962
46.2962
46.2962
46.2962
46.2962
46.2962
46.2962
46.2962
46.2962
46.2962
46.2962
46.2962
46.2962
46.2962
46.2962
46.2962
46.2962
46.2962
46.2962
46.2962
46.2962
46.2962
46.2962
46.2962
46.2962
46.2962
46.2962
46.2962
46.2962
46.2962
46.2962
46.2962
46.2962
46.2962
46.2962
46.2962
46.2962
46.2962
46.2962
46.2962
46.2962
46.2962
46.2962
46.2962
46.2962
46.2962
46.2962
46.2962
46.2962
46.2962
46.2962
46.2962
46.2962
46.2962
46.2962
46.2962
46.2962
46.2962
46.2962
46.2962
46.2962
46.2962
46.2962
46.2962
46.2962
46.2962
46.2962
46.2962
46.2962
46.2962
46.2962
46.2962
46.2962
46.2962
46.2962
46.2962
46.2962
46.2962
46.2962
46.2962
46.2962
46.2962
46.2962
46.2962
46.2962
46.2962
46.2962
46.2962
46.2962
46.2962
46.2962
46.2962
46.2962
46.2962
46.2962
46.2962
46.2962
46.2962
46.2962
46.2962
46.2962
46.2962
46.2962
46.2962
46.2962
46.2962
46.2962
46.2962
46.2962
46.2962
46.2962
46.2962
46.2962
46.2962
46.2962
46.2962
46.2962
46.2962
46.2962
46.2962
46.2962
46.2962
46.2962
46.2962
46.2962
46.2962
46.2962
46.2962
46.2962
46.2962
46.2962
46.2962
46.2962
46.2962
46.2962
46.2962
46.2962
46.2962
46.2962
46.2962
46.2962
46.2962
46.2962
46.2962
46.2962
46.2962
46.2962
46.2962
46.2962
46.2962
46.2962
46.2962
46.2962
46.2962
46.2962
46.2962
46.2962
46.2962
46.2962
46.2962
46.2962
46.2962
46.2962
46.2962
46.2962
46.2962
46.2962
46.2962
46.2962
46.2962
46.2962
46.2962
46.2962
46.2962
46.2962
46.2962
46.2962
46.2962
46.2962
46.2962
46.2962
46.2962
46.2962
46.2962
46.2962
46.2962
46.2962
46.2962
46.2962
46.2962
46.2962
46.2962
46.2962
46.2962
46.2962
46.2962
46.2962
46.2962
46.2962
46.2962
46.2962
46.2962
46.2962
46.2962
46.2962
46.2962
46.2962
46.2962
46.2962
46.2962
46.2962
46.2962
46.2962
46.2962
46.2962
46.2962
46.2962
46.2962
46.2962
46.2962
46.2962
46.2962
46.2962
46.2962
46.2962
46.2962
46.2962
46.2962
46.2962
46.2962
46.2962
46.2962
46.2962
46.2962
46.2962
46.2962
46.2962
46.2962
46.2962
46.2962
46.2962
46.2962
46.2962
46.2962
46.2962
46.2962
46.2962
46.2962
46.2962
46.2962
46.2962
46.2962
46.2962
46.2962
46.2962
46.2962
46.2962
46.2962
46.2962
46.2962
46.2962
46.2962
46.2962
46.2962
46.2962
46.2962
46.2962
46.2962
46.2962
46.2962
46.2962
46.2962
