52.8651
52.5318
52.5318
52.5318
52.5318
52.5318
52.5318
52.5318
52.5318
52.5318
52.7913
52.7019
53.1211
53.4902
53.5418
53.8331
54.0253
54.1965
54.2917
54.0635
53.9945
54.0049
53.886
53.5591
53.4781
52.8127
52.8127
52.8127
52.8127
52.8127
52.8127
52.8127
52.8127
52.8127
52.8127
52.8127
52.8127
52.0814
52.0814
52.0814
52.1567
52.1567
52.1567
51.8168
51.8168
50.2656
50.2656
50.2656
51.0156
51.0156
51.0156
51.0156
51.0156
51.0156
52.4232
51.5496
51.5496
51.1008
50.246
50.246
50.246
50.246
50.246
50.246
50.246
50.246
50.246
50.246
50.246
50.246
50.246
50.246
50.246
50.246
50.246
50.246
50.246
53.3167
53.3286
52.8936
52.8062
52.8374
52.5183
52.8943
52.8452
52.6586
52.1663
51.9554
51.8004
51.7555
51.5494
51.1075
50.3257
50.3257
50.3257
50.3257
50.3257
50.3257
50.3257
50.3257
50.3257
50.3257
50.3257
50.3257
50.3257
53.7413
52.1203
52.0278
53.1991
53.2302
53.1716
52.9371
52.8267
52.8378
52.6804
52.7434
52.9547
53.0766
53.1333
53.2129
53.1538
53.0128
52.9094
52.943
52.9718
52.8894
52.75
52.7155
52.6958
52.2993
52.1062
51.9696
51.153
50.7845
50.7845
50.7845
50.7845
50.7845
50.7845
50.7845
50.7845
50.7845
50.7845
50.7845
50.7845
50.7845
50.7845
50.7845
50.7845
50.7845
51.1947
51.2753
51.0935
50.9248
51.1212
51.1817
51.158
51.2452
51.2404
50.866
50.7634
50.7575
50.7413
50.6291
50.481
50.481
50.481
50.481
50.481
50.481
50.481
50.481
50.481
50.481
50.481
50.481
50.481
50.481
50.481
50.481
50.481
50.481
50.481
50.481
50.481
51.3008
51.6627
51.6337
52.0037
52.3757
52.6801
52.7199
52.6762
52.3195
51.7873
51.7873
51.7873
51.7873
51.7873
51.7873
51.7873
51.7873
51.7873
51.7873
51.7873
51.7873
51.7873
51.7873
51.7873
51.7873
51.7873
51.7873
51.7873
51.7873
51.7873
51.7873
51.7873
50.2786
50.0899
50.0899
49.4792
48.7747
48.7747
48.7747
48.7747
48.7747
48.7747
48.7747
48.7747
48.7747
48.7747
48.7747
48.7747
49.8703
49.8703
49.3564
49.2174
49.2174
50.7971
50.7971
50.7971
50.7971
50.7971
50.7971
50.7971
50.7971
50.7971
50.7971
50.7971
50.3393
49.9927
50.1074
49.9797
50.0277
50.1588
50.2744
49.5237
49.2796
49.2915
48.8611
49.022
48.4095
47.6097
47.6097
47.6097
47.6097
47.6097
47.6097
47.6097
47.6097
47.6097
47.6097
47.6097
47.6097
47.6097
47.6097
47.6097
47.6097
47.6097
47.6097
47.6097
47.6097
51.4875
51.1982
51.0694
50.9193
50.7705
50.5706
50.3486
50.1178
49.5412
49.5412
49.5412
49.5412
49.5412
49.5412
49.5412
49.5412
49.5412
49.5412
49.5412
49.5412
49.5412
49.5412
49.5412
49.5412
49.5412
49.5412
49.5412
49.5412
49.5412
49.5412
49.5412
49.5412
50.2361
49.6174
49.3542
49.22
49.1195
48.9481
48.8941
48.6175
48.5818
48.531
48.6561
48.538
48.5199
48.7158
48.5477
48.4405
48.3143
48.2303
48.0677
48.0148
47.9041
47.8765
47.8442
47.914
47.925
48.0643
48.1424
48.2812
48.2972
48.0124
48.2176
48.3914
48.6359
48.8224
49.4629
49.2339
49.3851
49.7601
49.7497
49.712
49.9244
49.7656
49.9984
50.0311
50.1434
50.1032
49.6092
50.0584
50.0149
50.2994
51.0063
51.1163
51.461
51.461
51.461
51.461
51.461
51.461
51.461
51.461
51.461
51.461
51.461
51.461
51.461
51.461
51.461
51.461
51.461
51.461
51.461
51.461
51.461
51.461
51.461
51.461
51.461
51.461
51.461
51.461
51.461
51.461
51.461
51.461
51.461
51.461
51.461
51.461
51.461
51.461
51.461
51.461
51.461
51.461
51.461
51.461
51.461
51.461
51.461
51.461
51.461
51.461
51.461
51.461
51.461
51.461
51.461
51.461
51.461
51.461
51.461
51.461
51.461
51.461
51.461
51.461
51.461
51.461
51.461
51.461
51.461
51.461
51.461
51.461
51.461
51.461
51.461
51.461
51.461
51.461
51.461
51.461
51.461
51.461
51.461
51.461
51.461
51.461
51.461
51.461
51.461
51.461
51.461
51.461
51.461
51.461
51.461
51.461
51.461
51.461
51.461
51.461
51.461
51.461
51.461
51.461
51.461
51.461
51.461
51.461
51.461
51.461
51.461
51.461
51.461
51.461
51.461
51.461
51.461
51.461
51.461
51.461
51.461
50.586
49.3687
49.3687
49.271
48.0156
48.0156
48.0156
48.0156
48.0156
48.0156
48.0156
48.0156
48.0156
48.0156
50.8703
50.2277
50.2277
49.8687
48.9639
48.9639
48.9639
48.9639
48.9639
49.2167
49.1009
48.3806
48.2656
48.2212
48.044
50.2656
51.5769
50.7964
50.4682
50.7656
50.1019
49.5385
49.5385
49.5385
49.5385
49.5385
49.5385
49.5385
49.5385
49.5385
49.5385
49.5385
49.5385
49.5385
49.5385
49.5385
49.5385
49.5385
49.5385
49.5385
49.5385
52.758
52.2335
52.3188
52.5598
52.5739
52.3513
51.8692
51.133
51.133
51.133
51.133
51.133
51.133
51.133
51.133
51.133
51.133
51.133
51.133
51.133
51.133
51.133
51.133
51.133
51.133
51.133
51.133
51.133
51.133
49.0979
48.8827
48.8551
48.9715
49.0469
49.2762
49.338
49.3861
49.3385
48.9018
48.9018
48.9018
48.9018
48.9018
48.9018
48.9018
48.9018
48.9018
48.9018
48.9018
48.9018
48.9018
48.9018
48.9018
48.9018
48.9018
48.9018
48.9018
48.9018
51.0285
51.5156
51.3751
50.0639
50.3126
50.2806
51.1138
50.6888
50.9111
51.1907
50.8089
51.2656
52.3657
52.3657
52.3657
52.3657
52.3657
52.3657
52.3657
52.3657
52.3657
52.3657
52.3657
52.3657
52.3657
52.3657
52.3657
52.3657
52.3657
52.3657
52.3657
52.3657
52.3657
52.3657
52.3657
52.3657
52.3657
52.3657
52.3657
52.3657
52.3657
52.3657
52.3657
52.3657
52.3657
52.3657
52.3657
52.3657
52.3657
52.3657
52.3657
52.3657
52.3657
52.3657
52.3657
52.3657
52.3657
52.3657
52.3657
52.3657
52.3657
52.3657
52.3657
52.3657
52.3657
52.3657
52.3657
52.3657
52.3657
52.3657
52.3657
52.3657
52.3657
52.3657
52.3657
52.3657
52.3657
52.3657
52.3657
52.3657
52.3657
52.3657
52.3657
52.3657
52.3657
52.3657
52.3657
52.3657
52.3657
52.3657
52.3657
52.3657
52.3657
52.3657
52.3657
52.3657
52.3657
52.3657
52.3657
52.3657
52.3657
52.3657
52.3657
52.3657
52.3657
52.3657
52.3657
52.3657
52.3657
52.3657
52.3657
52.3657
52.3657
52.3657
52.3657
52.3657
52.3657
52.3657
52.3657
52.3657
52.3657
52.3657
52.3657
52.3657
52.3657
52.3657
52.3657
52.3657
52.3657
52.3657
52.3657
52.3657
52.3657
52.3657
52.3657
52.3657
52.3657
52.3657
52.3657
52.3657
52.3657
52.3657
51.5454
52.0644
52.3218
52.4515
52.6446
52.8919
53.1528
53.4753
53.644
53.734
53.8548
53.987
53.7693
53.6968
53.4192
53.1373
52.8997
52.6414
52.4091
52.1294
51.9752
51.5973
51.1361
50.9592
50.2744
48.408
48.408
48.408
48.008
48.008
48.008
51.4825
51.7419
51.7505
51.6094
51.6316
51.6536
51.6336
51.6257
51.6297
51.6623
51.6433
51.6433
51.3742
51.3742
51.3742
51.3742
51.3742
51.3742
51.3742
51.3742
51.3742
51.3742
51.3742
51.3742
51.3742
51.3742
50.7601
50.7643
51.3096
51.8391
52.1201
52.2621
52.2938
51.9219
51.9219
51.9219
50.5209
50.5209
50.5209
50.5209
50.5209
50.5209
50.5209
50.5209
50.5209
50.5209
50.5209
50.5209
50.5209
52.2757
51.5202
51.2843
51.1101
50.8457
50.2734
50.2734
50.9181
50.9181
50.9181
53.6406
53.6406
53.6406
53.288
53.288
49.6995
48.8631
48.8631
49.0221
48.2526
48.2526
50.0228
50.0228
50.0228
50.0228
50.0228
50.0228
50.0228
50.0228
50.8279
48.6661
48.6661
49.6334
48.6576
48.6576
48.6576
48.6576
48.6576
48.6576
48.6576
48.6576
48.6576
48.6576
48.6576
48.6576
48.6576
48.6576
50.7206
49.5539
49.3516
49.3953
49.2497
49.2874
49.4409
49.3839
49.4994
49.3852
49.3353
49.1598
49.1413
48.93
48.921
48.95
48.9236
48.9131
48.9494
49.1558
49.2959
49.6443
50.1125
50.2911
50.4888
50.6283
50.7158
50.8582
50.7757
49.7077
49.7077
49.7077
49.7077
49.7077
49.7077
49.7077
49.7077
49.7077
49.7077
49.7077
49.7077
49.7527
49.8429
49.8429
48.9852
48.7925
48.7925
48.7925
48.7925
48.7925
48.7925
48.7925
48.7925
48.7925
48.7925
48.7925
48.7925
48.7925
48.7925
48.7925
48.7925
48.7925
48.7925
48.7925
48.7925
48.7925
48.7925
48.7925
48.7925
48.7925
48.7925
48.7925
48.7925
48.7925
48.7925
48.7925
49.7479
49.4011
49.2864
49.3942
49.3322
49.0962
49.1245
48.5206
47.8022
47.5215
47.5679
47.4864
47.6111
48.0028
48.4911
48.6225
48.9873
49.1188
49.1972
48.9603
47.8248
47.8248
47.7773
48.471
48.7105
48.7595
49.0652
49.257
48.793
48.5959
49.0422
49.1915
49.053
49.2156
49.1127
49.4607
49.5115
49.4613
49.424
49.7206
49.8412
50.1598
50.4169
50.7564
50.7888
51.341
50.7656
50.7656
50.7656
51.44
51.44
51.44
51.721
51.721
51.721
