301.86  43   am      0  0
464.4   56   man     0  0
1346.76 56   -       0  0
2530.98 59   am      0  0
2647.08 49   man     0  0
3343.68 43   am      0  0
3483    54   man     0  0
4365.36 54   -       0  0
5607.63 54   am      0  0
5735.34 50   man     0  0
6420.33 50   -       0  0
6501.6  50   am      0  0
6629.31 46   man     0  0
7302.69 46   -       0  0
8289.54 46   am      0  0
8335.98 54   man     0  0
8637.84 54   am      0  0
8707.5  43   man     0  0
9032.58 43   -       0  0
9880.11 46   am      0  0
10054.3 57   man     0  0
10925   57   -       0  0
12053.4 57   man     0  0
12216   55   man     0  0
12471.4 56   man     0  0
12831.3 54   man     0  0
13260.9 53   man     0  0
13806.5 59   man     0  0
14526.4 48   man     0  0
15420.3 48   -       0  0
16610.7 37   man     0  0
17272.5 36   am      0  0
17400.2 42   man     0  0
18003.9 39   man     0  0
18479.9 35   man     0  0
18874.7 38   man     0  0
19246.2 41   man     0  0
19606.1 44   man     0  0
19896.3 40   mm      0  0
20128.5 43   mm      0  0
20325.9 46   mm      0  0
20500.1 57   mm2     0  0
20616.2 56   mm2     0  0
20732.3 55   mm2     0  0
20860   56   mm2     0  0
20976.1 53   mm2     0  0
21103.8 47   mm2     0  0
21301.1 48   mm2     0  0
21498.5 51   an      0  0
21858.4 53   an      0  0
22253.2 47   an      0  0
22624.7 53   an      0  0
23182   53   -       0  0
23274.8 44   man     0  0
24354.6 44   -       0  0
25240.7 43   a       0  0
25368.4 56   man     0  0
25879.3 58   sit    70  0
26297.2 58   ting   70  0
26912.6 48   in     70  0
27446.6 51   the    70  0
27725.3 51   c      70  0
28050.3 62   af     70  0
28131.6 56   f      70  0
28305.8 56   et     70  0
28352.2 67   ter    70  0
28735.3 57   ia     70  0
29281   57     -    70  0



