301.86  43   am       0  0 0
464.4   56   man      0  0 0
1346.76 56   -        0  0 0
2530.98 59   am       0  0 0
2647.08 49   man      0  0 0
3343.68 43   am       0  0 0
3483    54   man      0  0 0
4365.36 54   -        0  0 0
5607.63 54   am       0  0 0
5735.34 50   man      0  0 0
6420.33 50   -        0  0 0
6501.6  50   am       0  0 0
6629.31 46   man      0  0 0
7302.69 46   -        0  0 0
8289.54 46   am       0  0 0
8335.98 54   man      0  0 0
8637.84 54   am       0  0 0
8707.5  43   man      0  0 0
9032.58 43   -        0  0 0
9880.11 46   am       0  0 0
10054.3 57   man      0  0 0
10925   57   -        0  0 0
12053.4 57   man      0  0 0
12216   55   man      0  0 0
12471.4 56   man      0  0 0
12831.3 54   man      0  0 0
13260.9 53   man      0  0 0
13806.5 59   man      0  0 0
14526.4 48   man      0  0 0
15420.3 48   -        0  0 0
16610.7 37   man      0  0 0
17272.5 36   am       0  0 0
17400.2 42   man      0  0 0
18003.9 39   man      0  0 0
18479.9 35   man      0  0 0
18874.7 38   man      0  0 0
19246.2 41   man      0  0 0
19606.1 44   man      0  0 0
19896.3 40   mm       0  0 0
20128.5 43   mm       0  0 0
20325.9 46   mm       0  0 0
20500.1 57   mm2      0  0 0
20616.2 56   mm2      0  0 0
20732.3 55   mm2      0  0 0
20860   56   mm2      0  0 0
20976.1 53   mm2      0  0 0
21103.8 47   mm2      0  0 0
21301.1 48   mm2      0  0 0
21498.5 51   an       0  0 0
21858.4 53   an       0  0 0
22253.2 47   an       0  0 0
22624.7 53   an       0  0 0
23182   53   -        0  0 0
23274.8 44   man      0  0 0
24354.6 44   -        0  0 0
25240.7 43   a        0  0 0
25368.4 56   man      0  0 0
25879.3 58   sit    200  0 0
26297.2 58   ting    40  0 0
26912.6 48   in       0  0 0
27446.6 51   the     50  0 0
27725.3 62   caf    100  0 0
28131.6 56   f      100  0 0
28305.8 56   et       0  0 0
28352.2 67   ter    100  0 0
28735.3 57   ia       0  0 0
29281   57   -        0  0 0
30824.3 57   sit    150  0 0
31137.8 57   ting    50  0 0
31497.7 56   in       0  0 0
31915.7 56   the     50  0 0
32101.4 55   caf     40  0 0
32356.8 58   f       60  0 0
32403.3 58   et       0  0 0
32531   58   ter    100  0 0
32844.4 47   ia       0  0 0
33274   47   -        0  0 0
33366.9 50   sit    150  0 0
33680.4 53   ting    50  0 0
34109.9 56   in       0  0 0
34539.5 43   the     50  0 0
34818.1 59   caf     50  0 0
35270.9 53   f       60  0 0
35317.4 53   et       0  0 0
35642.5 64   ter    100  0 0
36106.9 64   i(a)     0  0 0
36571.3 64   (i)a     0  54 116
36791.9 54   -        0  0  0
37963.6 56   had      0
38219.1 52   one      0
38787.9 52   -        0
39020.1 52   e        0
39205.9 50   normou   0
39809.6 50   (ou)s  160
39972.2 50   -        0
40099.9 61   ear      0
40622.3 61   -        0
41330.5 61   and      0
41630.9 61   one2     0
42143.2 61   -        0
42665.7 61   ti      30
42851.4 51   ny       0
43130.1 51   -        0
43246.2 51   one3     0
43815.1 51   -        0
44569.7 51   whi      0
44720.6 51   ch     170
44894.8 61   wa       0
45127   61   (wa)s  150
45277.9 50   fa       0
45545   50   -        0
45637.8 50   (fa)k  120
45742.3 50   -        0
46543.4 50   whi      0
46694.4 50   ch     170
46856.9 61   wa       0
47089.1 61   (wa)s  150
47251.6 51   fa       0
47530.3 51   -        0
47611.5 51   (fa)k  120
47739.2 51   -        0
48217.5 40   one2     0
48577.4 43   one2     0
48844.4 42   one2     0
49146.3 39   one2     0
49773.2 45   one2     0
50400.2 34   one2     0
51062 40     one2     0
51270.9 51   one2     0
51897.9 49   (o)ne2   0
51897.9 49   (o)ne2   0
52420.3 47   (o)ne2   0
52757   48   (o)ne2   0
53082.1 50   (o)ne2   0
53395.6 44   (o)ne2   0
53918   53   (o)ne2   0
54986.1 49   (o)ne2   0
55427.3 48   (o)ne2   0
55706   50   (o)ne2   0
56031   47   (o)ne2   0
56367.7 41   (o)ne2   0
56693.5 48   (o)ne2   0
57053.4 47   (o)ne2   0
57401.7 38   (o)ne2   0
57761.6 49   (o)ne2   0
58249.3 51   (o)ne2   0
58794.9 45   (o)ne2   0
59120   56   (o)ne2   0
59375.4 54   (o)ne2   0
59596   53   (o)ne2   0
59828.2 55   (o)ne2   0
60072   52   (o)ne2   0
60246.2 46   (o)ne2   0
60705.1 61   an       0
61494.6 50   an       0
62086.7 60   an       0
62284.1 59   an       0
62539.5 56   an       0
62783.3 58   an       0
63038.7 52   an       0
63410.3 65   an       0
63805   54   an       0
64188.1 43   man      0
65093.7 43   -        0
65323.5 47   mm       0
65486.1 48   mm       0
65590.6 51   mm       0
65764.7 53   mm       0
65973.7 47   mm       0
66159.5 53   aa       0
67366.9 44   aa       0
68609.2 52   aa       0
69003.9 43   aa       0
69387   46   aa       0
69781.8 35   man      0
70617.7 35   -        0
71472.9 43   man      0
72378.5 43   -        0
72459.8 57   mm       0
72633.9 57   -        0
73168   39   man      0
74050.4 40   aa       0
74201.3 42   aa       0
74363.8 41   aa       0
74526.4 44   aa       0
74665.7 43   aa       0
74828.2 42   aa       0
75014   45   aa       0
75164.9 39   an       0
75431.9 39   -        0
75571.3 33   one2     0
76140.1 35   ti      70
76395.6 49   ny       0
76709   49   -        0
76836.8 38   one3     0
77347.6 38   -        0
78938.2 38   whi      0
79089.1 38   ch     200
79251.6 49   wa       0
79483.8 49   (wa)s  200
79645.5 39   fa      70
79919.7 39   -        0
79993.8 39   (fa)k  200
80133.2 39   -        0
82267.9 39   whi      0
82407.2 39   ch     200
82604.5 49   wa       0
82813.5 49   (wa)s  200
82989.2 38   fa      70
83286.6 38   -        0
83349.1 38   (fa)k  200
83465.2 38   -        0

